1111111000101100101111111
1000001010100011001000001
1011101000001001001011101
1011101011101111101011101
1011101001000000101011101
1000001011011011101000001
1111111010101010101111111
0000000001110011100000000
1111101111010100010101010
1101010110101100110100010
1101001000100111111111011
0111110100001001010100001
0010011001101111011110111
1001010101000000110101010
1010101010111101011111011
1000110010110011010110001
1000111011010110111110100
0000000011101100100011000
1111111010000110101010111
1000001000101010100011010
1011101010001111111110111
1011101010000100001011111
1011101011011010000001101
1000001010110011110111001
1111111011011000000111111